26.91, 2.38, 16.34, 22.98, 28.49, 20.80, 38.80, 7.16, 17.48, 1.85
14.50, 4.85, 13.66, 14.65, 3.60, 46.53, 44.55, 61.28, 41.25, 70.01
2.29, 81.21, 74.59, 13.70, 15.43, 36.23, 24.59, 32.29, 18.92, 14.94
6.87, 7.49, 42.13, 30.45, 91.37, 61.18, 15.80, 0.17, 28.86, 16.19
59.78, 44.58, 53.33, 9.38, 38.50, 41.77, 38.03, 1.32, 4.47, 1.72
10.73, 49.83, 28.00, 1.12, 31.64, 5.69, 0.39, 2.73, 8.87, 2.15
71.45, 3.94, 4.36, 68.60, 55.41, 64.94, 17.72, 14.29, 25.34, 10.12
9.91, 19.52, 10.39, 16.54, 3.10, 12.05, 5.98, 61.09, 17.63, 0.13
20.44, 1.60, 5.66, 13.11, 46.83, 11.89, 75.92, 13.31, 6.02, 21.51
17.66, 11.57, 10.66, 66.24, 47.40, 2.00, 37.26, 3.32, 4.14, 18.75

26.29, 0.00, 12.91, 21.62, 3.14, 31.23, 21.96, 60.41, 24.22, 37.68
1.50, 46.16, 3.25, 54.00, 50.41, 0.65, 13.79, 13.70, 55.32, 9.35
5.07, 59.60, 0.11, 0.56, 86.49, 55.67, 60.42, 7.25, 52.57, 6.27
63.41, 28.76, 54.52, 15.60, 5.61, 71.73, 12.39, 3.37, 50.40, 34.46
1.45, 52.91, 21.66, 0.50, 6.87, 12.41, 22.88, 3.01, 9.21, 61.35
17.64, 1.54, 66.03, 71.87, 1.69, 0.34, 12.86, 2.78, 2.17, 88.18
3.97, 1.99, 57.45, 47.15, 13.62, 44.88, 23.83, 19.78, 7.44, 6.74
0.93, 0.00, 3.40, 0.89, 0.91, 14.49, 59.57, 17.21, 15.04, 77.37
20.45, 71.56, 8.66, 8.93, 7.58, 16.22, 25.75, 46.40, 0.45, 40.86
63.43, 5.67, 30.27, 22.00, 83.10, 15.04, 19.23, 12.83, 36.93, 14.49

